Head 0.08079358552631577 0.24947368421052632 0.056833881578947316 0.09052631578947369
Head 0.3302672697368421 0.26210526315789473 0.028412828947368365 0.04842105263157895
Head 0.36421463815789473 0.2694736842105263 0.029991776315789417 0.04631578947368421
Head 0.3831620065789474 0.28 0.030008223684210588 0.06736842105263158
Head 0.417109375 0.29473684210526313 0.03158717105263164 0.05052631578947368
Head 0.4557935855263158 0.29578947368421055 0.036324013157894804 0.056842105263157895
Head 0.4936883223684211 0.29894736842105263 0.036324013157894804 0.06315789473684211
Head 0.5386883223684211 0.3389473684210526 0.04737664473684217 0.06736842105263158
Head 0.6097409539473685 0.3631578947368421 0.06000822368421059 0.07789473684210527
Head 0.6989514802631579 0.3705263157894737 0.06474506578947375 0.08842105263157894
Head 0.7952672697368421 0.36 0.07106085526315796 0.10526315789473684
Head 0.9484251644736842 0.3873684210526316 0.0900082236842106 0.12210526315789473
Head 0.6626356907894737 0.28 0.04895559210526322 0.06736842105263158
Head 0.6113199013157895 0.2894736842105263 0.04106085526315796 0.061052631578947365
Head 0.5528988486842106 0.2831578947368421 0.03158717105263164 0.04421052631578947
