Head 0.3957935855263158 0.2326315789473684 0.33314967105263155 0.38105263157894737
Head 0.6500041118421053 0.42210526315789476 0.27314967105263155 0.45263157894736844
Head 0.5071093750000001 0.7357894736842105 0.20841282894736837 0.3642105263157895
Head 0.3957935855263158 0.2326315789473684 0.33314967105263155 0.38105263157894737
Head 0.6500041118421053 0.42210526315789476 0.27314967105263155 0.45263157894736844
Head 0.5071093750000001 0.7357894736842105 0.20841282894736837 0.3642105263157895
Head 0.3957935855263158 0.2326315789473684 0.33314967105263155 0.38105263157894737
Head 0.6500041118421053 0.42210526315789476 0.27314967105263155 0.45263157894736844
Head 0.5071093750000001 0.7357894736842105 0.20841282894736837 0.3642105263157895
Head 0.3957935855263158 0.2326315789473684 0.33314967105263155 0.38105263157894737
Head 0.6500041118421053 0.42210526315789476 0.27314967105263155 0.45263157894736844
Head 0.5071093750000001 0.7357894736842105 0.20841282894736837 0.3642105263157895
