Head 0.9543278111518293 0.575530375571016 0.03201210324016639 0.050077795515427924
Head 0.9213838174606781 0.6321604060136964 0.04941647726568022 0.07722276878547314
Head 0.8452884213687626 0.6264339419049996 0.04972717231320224 0.07301061776081082
Head 0.8708977145777328 0.577198576594504 0.02735011999468448 0.03819016929027032
Head 0.8579687510159226 0.56540455372545 0.02536104867748299 0.04155989011000003
Head 0.814209182037488 0.5743904759113959 0.03878728006859357 0.05354111969126129
Head 0.7748007065654315 0.571769581940495 0.031576896543737805 0.05428994654009014
Head 0.7464136184354357 0.5980886472776934 0.04382221418605085 0.075818718443919
Head 0.6957544583254581 0.617043326888673 0.04320062939942527 0.07067053385822082
Head 0.6482032221486077 0.5491808937135604 0.029525764093664492 0.047269694832319846
Head 0.6657663782398218 0.757050615337784 0.0789133194176738 0.11311929021309519
Head 0.6659801166508017 0.859850626866667 0.11263185155359053 0.18389026028959618
Head 0.5379375962125059 0.9009135005235671 0.13634342941253422 0.19103162962123096
Head 0.5278786918441816 0.6313196668850216 0.05038331127717091 0.08501086052378067
Head 0.518775642055153 0.5257489754483283 0.028282594520413408 0.056162013662162155
Head 0.07081951239131534 0.8696700096976648 0.12448764048306236 0.2142410799490441
Head 0.4314485658377404 0.7438390820742596 0.0857422538410495 0.13140119570208042
Head 0.4180787398317949 0.596326957160011 0.04273456249169454 0.07078753805335024
Head 0.4299276998268433 0.5103288737398253 0.024475509384570614 0.04621665707615436
Head 0.31910310994206514 0.6990626963649094 0.06601422106240834 0.11883238567840301
Head 0.3380723722292201 0.6047966211873299 0.0508388112326844 0.0719850028628789
Head 0.2913347942485584 0.5596229468193222 0.04102508264623603 0.06224623180889649
Head 0.2288699091999669 0.5879658419465331 0.04661961951090182 0.07678400305373737
Head 0.1936629583950073 0.5682213840184291 0.043220327709043695 0.06508358354078697
Head 0.14531609466798423 0.5155009390645684 0.026709671942801452 0.042962477899114906
Head 0.15147152521591728 0.66557824384274 0.07284272769666485 0.11627291890994519
Head 0.05540698678300195 0.6875650917409774 0.09366258926643559 0.13211533263524386
Head 0.059148220728582904 0.5525503631570897 0.05463242602949356 0.07495581250483885
Head 0.03415499616018457 0.5173656020149174 0.028593289567935498 0.050545812295946
Head 0.013462341602382879 0.5216592903380604 0.022999123834096753 0.059906147906306294
