Head 0.1919298245614035 0.41578947368421054 0.12631578947368421 0.16631578947368422
Head 0.28175438596491226 0.35368421052631577 0.12350877192982457 0.2063157894736842
Head 0.38070175438596493 0.3684210526315789 0.13333333333333333 0.18105263157894738
Head 0.4319298245614035 0.2505263157894737 0.10666666666666667 0.15578947368421053
Head 0.531578947368421 0.17894736842105263 0.12912280701754386 0.16421052631578947
Head 0.055087719298245616 0.07368421052631578 0.1080701754385965 0.1431578947368421
Head 0.20596491228070177 0.10421052631578948 0.12631578947368421 0.16210526315789472
Head 0.3512280701754386 0.07789473684210527 0.11649122807017544 0.15157894736842106
Head 0.11473684210526315 0.21157894736842106 0.12912280701754386 0.2
Head 0.7194388890471961 0.10318969588103413 0.11261857979744133 0.14918034879011838
