Head 0.19131990131578946 0.34 0.11683388157894732 0.22105263157894736
Head 0.08631990131578945 0.2063157894736842 0.16893914473684207 0.4126315789473684
Head 0.2639514802631579 0.28421052631578947 0.1042023026315789 0.15157894736842106
Head 0.40368832236842106 0.3157894736842105 0.04578124999999995 0.08
Head 0.5102672697368421 0.29368421052631577 0.04104440789473679 0.07368421052631578
Head 0.6176356907894738 0.35368421052631577 0.1042023026315789 0.13473684210526315
Head 0.867109375 0.31473684210526315 0.13578124999999996 0.1831578947368421
Head 0.9642146381578948 0.25157894736842107 0.061587171052631645 0.09052631578947369
Head 0.7226356907894738 0.3105263157894737 0.05841282894736837 0.07789473684210527
Head 0.783421052631579 0.2736842105263158 0.04421052631578948 0.06736842105263158
