Head 0.4185581408048931 0.3389473684210526 0.08003626773231907 0.1431578947368421
Head 0.5807425569233141 0.34 0.0786320736533717 0.1368421052631579
Head 0.7696066605417352 0.5073684210526316 0.05195238615337171 0.10105263157894737
Head 0.8061157065943668 0.47157894736842104 0.04352722167968749 0.08421052631578947
Head 0.8615813727127878 0.5136842105263157 0.042123027600740125 0.07578947368421053
Head 0.9086218743575247 0.48210526315789476 0.049143997995476967 0.08
Head 0.9809378694233142 0.5231578947368422 0.03370345266241777 0.12842105263157894
Head 0.8875589631733142 0.6336842105263157 0.11654531378495066 0.1726315789473684
Head 0.8004989302785773 0.5789473684210527 0.06318593878495066 0.11789473684210526
Head 0.3392211753443668 0.7126315789473684 0.14322500128495066 0.25473684210526315
Head 0.038021545410156246 0.7547368421052632 0.0744194914165296 0.28
Head 0.2360129105417352 0.5694736842105264 0.08846143220600329 0.14947368421052631
Head 0.15105916876541942 0.5263157894736842 0.0786320736533717 0.1431578947368421
Head 0.7682024664627878 0.37473684210526315 0.0210601164165296 0.042105263157894736
Head 0.30891087827254987 0.49727113700622694 0.036210704702100714 0.0575660640037163
