Head 0.19624999999999995 0.2768421052631579 0.09947368421052633 0.2294736842105263
Head 0.3904677220394737 0.1968421052631579 0.07103824013157889 0.16631578947368422
Head 0.56869140625 0.2505263157894737 0.07222245065789469 0.12210526315789473
Head 0.8416519325657895 0.25684210526315787 0.08288034539473679 0.16
Head 0.8144150904605264 0.4431578947368421 0.07814350328947363 0.16631578947368422
Head 0.6770466694078948 0.30105263157894735 0.09945929276315785 0.18526315789473685
Head 0.5485598273026316 0.6042105263157894 0.06511718749999995 0.1431578947368421
Head 0.3798098273026316 0.5547368421052632 0.08524876644736837 0.2
Head 0.900862458881579 0.2863157894736842 0.04501439144736848 0.11789473684210526
Head 0.9381578947368422 0.5294736842105263 0.041447368421052636 0.11578947368421053
