Head 0.6114777896278782 0.2231578947368421 0.025222874691611875 0.05052631578947368
Head 0.2385012335526316 0.3063157894736842 0.028042763157894734 0.04842105263157895
Head 0.3380608488384046 0.40421052631578946 0.028027151007401347 0.042105263157894736
Head 0.4221813322368421 0.3873684210526316 0.02243421052631579 0.05052631578947368
Head 0.4972035297594572 0.38 0.02382073653371714 0.04421052631578947
Head 0.6360152073910361 0.3452631578947368 0.023851960834703912 0.04631578947368421
Head 0.5301537764699835 0.3705263157894737 0.025222874691611875 0.04631578947368421
Head 0.969023019891036 0.21578947368421053 0.022418598375822402 0.04
Head 0.6058692369962994 0.3547368421052632 0.0196455463610197 0.04
Head 0.5792286119962993 0.3684210526315789 0.022418598375822402 0.04631578947368421
Head 0.3752175100226151 0.3957894736842105 0.02382073653371714 0.03368421052631579
Head 0.28898601331208884 0.4052631578947368 0.019614322060032927 0.035789473684210524
Head 0.5520524917460878 0.3683691463416363 0.021444943654066337 0.039687822987927966
Head 0.4783058998873163 0.3757965726484573 0.022342750893344053 0.0434319572320721
Head 0.4495041740657862 0.37995256165945723 0.029175264571028845 0.04605285120297302
Head 0.316328305681486 0.40469084441438913 0.027529546863434975 0.04672679536691897
