Head 0.32456140350877194 0.3431578947368421 0.04631578947368421 0.08
Head 0.4298245614035088 0.34842105263157896 0.032280701754385965 0.07368421052631578
Head 0.4866666666666667 0.36736842105263157 0.04491228070175438 0.07789473684210527
Head 0.5821052631578948 0.3757894736842105 0.04491228070175438 0.06947368421052631
Head 0.6480701754385965 0.38105263157894737 0.03368421052631579 0.05894736842105263
Head 0.7063157894736842 0.34842105263157896 0.04631578947368421 0.08210526315789474
Head 0.7842105263157895 0.3936842105263158 0.05333333333333334 0.06736842105263158
Head 0.11122807017543859 0.3042105263157895 0.018245614035087718 0.06947368421052631
Head 0.3470175438596491 0.48947368421052634 0.037894736842105266 0.035789473684210524
Head 0.476140350877193 0.5178947368421053 0.037894736842105266 0.037894736842105266
Head 0.6263157894736842 0.5284210526315789 0.03508771929824561 0.037894736842105266
Head 0.5659649122807018 0.4652631578947368 0.032280701754385965 0.04631578947368421
Head 0.8101754385964912 0.5936842105263158 0.023859649122807018 0.04631578947368421
