Head 0.10823124935752466 0.8073684210526316 0.11935929147820724 0.2673684210526316
Head 0.35045472797594573 0.8115789473684211 0.11795509739925987 0.2505263157894737
Head 0.5351062493575247 0.7410526315789474 0.13620403089021382 0.23578947368421052
Head 0.6783340454101563 0.5915789473684211 0.08003626773231907 0.16842105263157894
Head 0.5231705996864721 0.29368421052631577 0.0786320736533717 0.12
Head 0.31043379934210524 0.3357894736842105 0.05757195723684211 0.09473684210526316
Head 0.3153498760022615 0.4905263157894737 0.06178174470600328 0.12210526315789473
Head 0.15386755692331414 0.5736842105263158 0.08144046181126645 0.16631578947368422
Head 0.21494999935752468 0.5378947368421053 0.06318593878495066 0.09894736842105263
Head 0.37643231843647207 0.5978947368421053 0.0772334691097862 0.16842105263157894
Head 0.4592797690943668 0.5252631578947369 0.0744194914165296 0.12
Head 0.5182559204101562 0.5652631578947368 0.08846702174136514 0.1368421052631579
Head 0.883346380936472 0.7557894736842106 0.22888084010074014 0.28210526315789475
Head 0.6025061677631579 0.5147368421052632 0.1025061677631579 0.12
