Head 0.08207763671875 0.7294736842105263 0.10080155222039472 0.1368421052631579
Head 0.0568761564555921 0.47157894736842104 0.08400056537828947 0.12631578947368421
Head 0.1660825709292763 0.4978947368421053 0.07840023643092105 0.1368421052631579
Head 0.34109285053453947 0.6136842105263158 0.08120040090460526 0.1368421052631579
Head 0.31169112356085527 0.4726315789473684 0.07560007195723684 0.12842105263157894
Head 0.22908627158717104 0.34 0.07279990748355263 0.13263157894736843
Head 0.021174059416118416 0.17473684210526316 0.040598016036184195 0.12210526315789473
Head 0.06177644428453947 0.25157894736842107 0.07419998972039472 0.12421052631578948
Head 0.17308298211348683 0.1168421052631579 0.07279990748355263 0.13263157894736843
Head 0.31029104132401314 0.11263157894736842 0.06999974300986841 0.13263157894736843
Head 0.48880152652138154 0.15368421052631578 0.06579949629934209 0.13473684210526315
Head 0.6001080643503289 0.24421052631578946 0.07840023643092105 0.14736842105263157
Head 0.6771125873766447 0.18842105263157893 0.08120040090460517 0.15368421052631578
Head 0.8367219623766448 0.12842105263157894 0.08400056537828939 0.14736842105263157
Head 0.9522287469161184 0.30105263157894735 0.07980031866776306 0.13052631578947368
Head 0.7793185906661184 0.30105263157894735 0.07279990748355254 0.14736842105263157
Head 0.8647236071134868 0.4768421052631579 0.07279990748355254 0.13263157894736843
Head 0.8465225380345395 0.6126315789473684 0.08120040090460517 0.12210526315789473
Head 0.719815095600329 0.44526315789473686 0.07980031866776306 0.15368421052631578
Head 0.641410490337171 0.6221052631578947 0.07419998972039472 0.12842105263157894
Head 0.495101896587171 0.5231578947368422 0.0671995785361842 0.13263157894736843
Head 0.5735065018503289 0.3873684210526316 0.07279990748355263 0.14736842105263157
Head 0.4376985248766447 0.42 0.07279990748355263 0.1368421052631579
Head 0.39499601665296047 0.2894736842105263 0.0685996607730263 0.12842105263157894
