Head 0.09866573936060856 0.4052631578947368 0.023628636410361843 0.04842105263157895
Head 0.13531253212376645 0.35368421052631577 0.02126432719983553 0.042105263157894736
Head 0.19264703047902962 0.34 0.03426802785773027 0.06947368421052631
Head 0.255301224557977 0.36526315789473685 0.027175100226151317 0.05263157894736842
Head 0.32445726896587174 0.3157894736842105 0.03781449167351974 0.07578947368421053
Head 0.3551932887027138 0.33157894736842103 0.0283861662212171 0.056842105263157895
Head 0.39124900416324015 0.34842105263157896 0.024810791015625003 0.06526315789473684
Head 0.4562675074527138 0.36105263157894735 0.020111083984374997 0.061052631578947365
Head 0.36996299342105265 0.3936842105263158 0.024825246710526317 0.05473684210526316
Head 0.43144226074218756 0.41578947368421054 0.020111083984374997 0.056842105263157895
Head 0.41370994166324015 0.36105263157894735 0.022475393194901314 0.04421052631578947
Head 0.5106393914473685 0.12736842105263158 0.053196957236842105 0.09473684210526316
Head 0.5271967837685033 0.29894736842105263 0.060304340563322366 0.14736842105263157
Head 0.6879698100842928 0.1368421052631579 0.06973266601562507 0.1431578947368421
Head 0.6081743742290296 0.36 0.0283861662212171 0.06315789473684211
Head 0.7127950567948191 0.2557894736842105 0.03663233706825665 0.0863157894736842
Head 0.7588990864000823 0.29157894736842105 0.02481079101562507 0.061052631578947365
Head 0.8180068166632402 0.26105263157894737 0.04848279451069072 0.10526315789473684
Head 0.8918914794921875 0.15789473684210525 0.06148649516858545 0.11789473684210526
Head 0.8824342426500823 0.3157894736842105 0.07803665964226966 0.1431578947368421
Head 0.29194801732113485 0.5326315789473685 0.03190371864720395 0.05894736842105263
