Head 0.06034736538927964 0.3642105263157895 0.051922295658501066 0.10526315789473684
Head 0.18475677601261217 0.4010526315789474 0.0495065789473684 0.10736842105263159
Head 0.14610530863448945 0.3105263157894737 0.039843712102837714 0.08210526315789474
Head 0.24514969379092894 0.3263157894736842 0.03501227868057238 0.06736842105263158
Head 0.2940679571913655 0.33052631578947367 0.03863585374727138 0.08421052631578947
Head 0.31580940759155957 0.39052631578947367 0.03866708100897408 0.1031578947368421
Head 0.382241617147708 0.35789473684210527 0.04829872059180206 0.09263157894736843
Head 0.4553170476594713 0.3063157894736842 0.03742799539170505 0.07789473684210527
Head 0.4812860023041475 0.3705263157894737 0.03380442032500604 0.08421052631578947
Head 0.6328722259277225 0.3684210526315789 0.032596561969439705 0.07578947368421053
Head 0.7095712315061848 0.3431578947368421 0.033835647586708734 0.08421052631578947
Head 0.746410911350958 0.32842105263157895 0.022933695124909025 0.05894736842105263
Head 0.8122391917293234 0.3684210526315789 0.036251364297841406 0.08421052631578947
Head 0.5579850078826097 0.30526315789473685 0.0736637460586951 0.15157894736842106
Head 0.9221543020858598 0.26 0.0941973381033228 0.17894736842105263
